3.400000000000000000e+01
4.800000000000000000e+01
5.400000000000000000e+01
6.800000000000000000e+01
7.000000000000000000e+01
7.400000000000000000e+01
7.700000000000000000e+01
8.400000000000000000e+01
9.200000000000000000e+01
1.090000000000000000e+02
1.110000000000000000e+02
1.150000000000000000e+02
1.230000000000000000e+02
1.240000000000000000e+02
1.280000000000000000e+02
1.290000000000000000e+02
1.300000000000000000e+02
1.320000000000000000e+02
1.370000000000000000e+02
1.400000000000000000e+02
1.430000000000000000e+02
1.460000000000000000e+02
1.650000000000000000e+02
1.750000000000000000e+02
1.830000000000000000e+02
1.840000000000000000e+02
1.870000000000000000e+02
1.890000000000000000e+02
1.960000000000000000e+02
1.970000000000000000e+02
2.070000000000000000e+02
2.120000000000000000e+02
2.220000000000000000e+02
2.420000000000000000e+02
2.460000000000000000e+02
2.530000000000000000e+02
2.600000000000000000e+02
2.700000000000000000e+02
2.730000000000000000e+02
2.790000000000000000e+02
2.800000000000000000e+02
2.840000000000000000e+02
2.870000000000000000e+02
2.890000000000000000e+02
2.900000000000000000e+02
2.910000000000000000e+02
3.000000000000000000e+02
3.280000000000000000e+02
3.290000000000000000e+02
3.410000000000000000e+02
3.460000000000000000e+02
3.580000000000000000e+02
3.590000000000000000e+02
3.600000000000000000e+02
3.670000000000000000e+02
3.680000000000000000e+02
3.710000000000000000e+02
3.740000000000000000e+02
3.900000000000000000e+02
4.030000000000000000e+02
4.170000000000000000e+02
4.390000000000000000e+02
4.560000000000000000e+02
4.630000000000000000e+02
4.660000000000000000e+02
4.690000000000000000e+02
4.830000000000000000e+02
4.860000000000000000e+02
5.060000000000000000e+02
5.120000000000000000e+02
5.180000000000000000e+02
5.200000000000000000e+02
5.220000000000000000e+02
5.610000000000000000e+02
5.730000000000000000e+02
6.010000000000000000e+02
6.050000000000000000e+02
6.110000000000000000e+02
6.190000000000000000e+02
6.250000000000000000e+02
6.300000000000000000e+02
6.310000000000000000e+02
6.400000000000000000e+02
6.450000000000000000e+02
6.470000000000000000e+02
6.510000000000000000e+02
7.080000000000000000e+02
7.200000000000000000e+02
7.220000000000000000e+02
7.230000000000000000e+02
7.290000000000000000e+02
7.300000000000000000e+02
7.320000000000000000e+02
7.580000000000000000e+02
7.630000000000000000e+02
7.670000000000000000e+02
7.710000000000000000e+02
7.720000000000000000e+02
8.150000000000000000e+02
8.300000000000000000e+02
8.310000000000000000e+02
8.420000000000000000e+02
8.510000000000000000e+02
8.580000000000000000e+02
8.740000000000000000e+02
8.750000000000000000e+02
8.760000000000000000e+02
8.770000000000000000e+02
8.780000000000000000e+02
9.020000000000000000e+02
9.200000000000000000e+02
9.210000000000000000e+02
9.470000000000000000e+02
9.530000000000000000e+02
9.550000000000000000e+02
9.560000000000000000e+02
9.630000000000000000e+02
9.660000000000000000e+02
9.690000000000000000e+02
9.700000000000000000e+02
9.730000000000000000e+02
9.850000000000000000e+02
9.920000000000000000e+02
9.940000000000000000e+02
1.002000000000000000e+03
1.006000000000000000e+03
1.011000000000000000e+03
1.012000000000000000e+03
1.020000000000000000e+03
1.023000000000000000e+03
1.036000000000000000e+03
1.051000000000000000e+03
1.072000000000000000e+03
1.085000000000000000e+03
1.086000000000000000e+03
1.088000000000000000e+03
1.091000000000000000e+03
1.112000000000000000e+03
1.119000000000000000e+03
1.120000000000000000e+03
1.124000000000000000e+03
1.132000000000000000e+03
1.139000000000000000e+03
1.144000000000000000e+03
1.145000000000000000e+03
1.146000000000000000e+03
1.168000000000000000e+03
1.175000000000000000e+03
1.180000000000000000e+03
1.186000000000000000e+03
1.191000000000000000e+03
1.192000000000000000e+03
1.197000000000000000e+03
1.204000000000000000e+03
1.206000000000000000e+03
1.214000000000000000e+03
1.215000000000000000e+03
1.217000000000000000e+03
1.218000000000000000e+03
1.221000000000000000e+03
1.229000000000000000e+03
1.230000000000000000e+03
1.233000000000000000e+03
1.240000000000000000e+03
1.241000000000000000e+03
1.243000000000000000e+03
1.246000000000000000e+03
1.253000000000000000e+03
1.258000000000000000e+03
1.263000000000000000e+03
1.264000000000000000e+03
1.271000000000000000e+03
1.273000000000000000e+03
1.292000000000000000e+03
1.302000000000000000e+03
1.319000000000000000e+03
1.322000000000000000e+03
1.380000000000000000e+03
1.383000000000000000e+03
1.385000000000000000e+03
1.389000000000000000e+03
1.396000000000000000e+03
1.401000000000000000e+03
1.405000000000000000e+03
1.412000000000000000e+03
1.417000000000000000e+03
1.421000000000000000e+03
1.423000000000000000e+03
1.436000000000000000e+03
1.439000000000000000e+03
1.447000000000000000e+03
1.448000000000000000e+03
1.449000000000000000e+03
1.457000000000000000e+03
1.490000000000000000e+03
1.500000000000000000e+03
1.501000000000000000e+03
1.503000000000000000e+03
1.506000000000000000e+03
1.513000000000000000e+03
1.518000000000000000e+03
1.523000000000000000e+03
1.537000000000000000e+03
1.538000000000000000e+03
1.541000000000000000e+03
1.556000000000000000e+03
1.570000000000000000e+03
1.589000000000000000e+03
1.593000000000000000e+03
1.598000000000000000e+03
1.600000000000000000e+03
1.601000000000000000e+03
1.603000000000000000e+03
1.612000000000000000e+03
1.614000000000000000e+03
1.617000000000000000e+03
1.621000000000000000e+03
1.624000000000000000e+03
1.631000000000000000e+03
1.634000000000000000e+03
1.635000000000000000e+03
1.641000000000000000e+03
1.645000000000000000e+03
1.646000000000000000e+03
1.657000000000000000e+03
1.666000000000000000e+03
1.669000000000000000e+03
1.713000000000000000e+03
1.728000000000000000e+03
1.731000000000000000e+03
1.738000000000000000e+03
1.754000000000000000e+03
1.758000000000000000e+03
1.760000000000000000e+03
1.768000000000000000e+03
1.771000000000000000e+03
1.781000000000000000e+03
1.792000000000000000e+03
1.794000000000000000e+03
1.822000000000000000e+03
1.834000000000000000e+03
1.848000000000000000e+03
1.851000000000000000e+03
1.869000000000000000e+03
1.887000000000000000e+03
1.897000000000000000e+03
1.901000000000000000e+03
1.908000000000000000e+03
1.913000000000000000e+03
1.915000000000000000e+03
1.923000000000000000e+03
1.932000000000000000e+03
1.936000000000000000e+03
1.938000000000000000e+03
1.940000000000000000e+03
1.941000000000000000e+03
1.946000000000000000e+03
1.972000000000000000e+03
1.983000000000000000e+03
1.998000000000000000e+03
2.003000000000000000e+03
2.023000000000000000e+03
2.033000000000000000e+03
2.036000000000000000e+03
2.039000000000000000e+03
2.043000000000000000e+03
2.060000000000000000e+03
2.075000000000000000e+03
2.087000000000000000e+03
2.094000000000000000e+03
2.097000000000000000e+03
2.124000000000000000e+03
2.153000000000000000e+03
2.157000000000000000e+03
2.161000000000000000e+03
2.165000000000000000e+03
2.169000000000000000e+03
2.209000000000000000e+03
2.221000000000000000e+03
2.223000000000000000e+03
2.226000000000000000e+03
2.228000000000000000e+03
2.250000000000000000e+03
2.268000000000000000e+03
2.273000000000000000e+03
2.276000000000000000e+03
2.280000000000000000e+03
2.282000000000000000e+03
2.284000000000000000e+03
2.288000000000000000e+03
2.290000000000000000e+03
2.295000000000000000e+03
2.296000000000000000e+03
2.297000000000000000e+03
2.300000000000000000e+03
2.302000000000000000e+03
2.318000000000000000e+03
2.322000000000000000e+03
2.328000000000000000e+03
2.331000000000000000e+03
2.333000000000000000e+03
2.335000000000000000e+03
2.336000000000000000e+03
2.339000000000000000e+03
2.345000000000000000e+03
2.348000000000000000e+03
2.364000000000000000e+03
2.488000000000000000e+03
2.489000000000000000e+03
2.496000000000000000e+03
2.500000000000000000e+03
2.501000000000000000e+03
2.506000000000000000e+03
2.513000000000000000e+03
2.521000000000000000e+03
2.524000000000000000e+03
2.526000000000000000e+03
2.534000000000000000e+03
2.547000000000000000e+03
2.553000000000000000e+03
2.557000000000000000e+03
2.571000000000000000e+03
2.580000000000000000e+03
2.627000000000000000e+03
2.629000000000000000e+03
2.636000000000000000e+03
2.638000000000000000e+03
2.644000000000000000e+03
2.656000000000000000e+03
2.664000000000000000e+03
2.679000000000000000e+03
2.683000000000000000e+03
2.688000000000000000e+03
2.700000000000000000e+03
2.703000000000000000e+03
2.705000000000000000e+03
2.707000000000000000e+03
2.719000000000000000e+03
2.720000000000000000e+03
2.751000000000000000e+03
2.759000000000000000e+03
2.781000000000000000e+03
2.782000000000000000e+03
2.827000000000000000e+03
2.830000000000000000e+03
2.834000000000000000e+03
2.867000000000000000e+03
2.941000000000000000e+03
2.942000000000000000e+03
2.947000000000000000e+03
2.952000000000000000e+03
2.954000000000000000e+03
2.967000000000000000e+03
2.974000000000000000e+03
2.975000000000000000e+03
2.977000000000000000e+03
2.981000000000000000e+03
2.988000000000000000e+03
3.019000000000000000e+03
3.025000000000000000e+03
3.044000000000000000e+03
3.045000000000000000e+03
3.052000000000000000e+03
3.066000000000000000e+03
3.105000000000000000e+03
3.124000000000000000e+03
3.143000000000000000e+03
3.145000000000000000e+03
3.147000000000000000e+03
3.163000000000000000e+03
3.182000000000000000e+03
3.191000000000000000e+03
3.194000000000000000e+03
3.198000000000000000e+03
3.199000000000000000e+03
3.201000000000000000e+03
3.203000000000000000e+03
3.213000000000000000e+03
3.215000000000000000e+03
3.217000000000000000e+03
3.246000000000000000e+03
3.253000000000000000e+03
3.256000000000000000e+03
3.264000000000000000e+03
3.289000000000000000e+03
3.311000000000000000e+03
3.314000000000000000e+03
3.333000000000000000e+03
3.337000000000000000e+03
3.345000000000000000e+03
3.356000000000000000e+03
3.367000000000000000e+03
3.383000000000000000e+03
3.388000000000000000e+03
3.423000000000000000e+03
3.430000000000000000e+03
3.436000000000000000e+03
3.437000000000000000e+03
3.440000000000000000e+03
3.463000000000000000e+03
3.467000000000000000e+03
3.475000000000000000e+03
3.479000000000000000e+03
3.509000000000000000e+03
3.554000000000000000e+03
3.587000000000000000e+03
3.597000000000000000e+03
3.617000000000000000e+03
3.627000000000000000e+03
3.637000000000000000e+03
3.655000000000000000e+03
3.659000000000000000e+03
3.673000000000000000e+03
3.676000000000000000e+03
3.686000000000000000e+03
3.689000000000000000e+03
3.721000000000000000e+03
3.722000000000000000e+03
3.724000000000000000e+03
3.735000000000000000e+03
3.741000000000000000e+03
3.743000000000000000e+03
3.748000000000000000e+03
3.755000000000000000e+03
3.758000000000000000e+03
3.761000000000000000e+03
3.768000000000000000e+03
3.771000000000000000e+03
3.779000000000000000e+03
3.785000000000000000e+03
3.788000000000000000e+03
3.792000000000000000e+03
3.794000000000000000e+03
3.798000000000000000e+03
3.800000000000000000e+03
3.805000000000000000e+03
3.830000000000000000e+03
3.846000000000000000e+03
3.875000000000000000e+03
3.884000000000000000e+03
3.898000000000000000e+03
3.908000000000000000e+03
3.914000000000000000e+03
3.923000000000000000e+03
3.933000000000000000e+03
3.936000000000000000e+03
3.957000000000000000e+03
3.960000000000000000e+03
3.975000000000000000e+03
3.982000000000000000e+03
3.983000000000000000e+03
3.999000000000000000e+03
4.003000000000000000e+03
4.008000000000000000e+03
4.015000000000000000e+03
4.018000000000000000e+03
4.021000000000000000e+03
4.023000000000000000e+03
4.029000000000000000e+03
4.031000000000000000e+03
4.033000000000000000e+03
4.036000000000000000e+03
4.037000000000000000e+03
4.042000000000000000e+03
4.043000000000000000e+03
4.047000000000000000e+03
4.050000000000000000e+03
4.055000000000000000e+03
4.061000000000000000e+03
4.062000000000000000e+03
4.063000000000000000e+03
4.073000000000000000e+03
4.076000000000000000e+03
4.078000000000000000e+03
4.079000000000000000e+03
4.092000000000000000e+03
4.099000000000000000e+03
4.113000000000000000e+03
4.116000000000000000e+03
4.133000000000000000e+03
4.145000000000000000e+03
4.224000000000000000e+03
4.236000000000000000e+03
4.242000000000000000e+03
4.288000000000000000e+03
4.298000000000000000e+03
4.301000000000000000e+03
4.305000000000000000e+03
4.329000000000000000e+03
4.337000000000000000e+03
4.343000000000000000e+03
4.354000000000000000e+03
4.357000000000000000e+03
4.365000000000000000e+03
4.367000000000000000e+03
4.371000000000000000e+03
4.377000000000000000e+03
4.384000000000000000e+03
4.409000000000000000e+03
4.445000000000000000e+03
4.451000000000000000e+03
4.463000000000000000e+03
4.479000000000000000e+03
4.482000000000000000e+03
4.485000000000000000e+03
4.488000000000000000e+03
4.492000000000000000e+03
4.503000000000000000e+03
4.509000000000000000e+03
4.512000000000000000e+03
4.517000000000000000e+03
4.518000000000000000e+03
4.524000000000000000e+03
4.526000000000000000e+03
4.529000000000000000e+03
4.530000000000000000e+03
4.535000000000000000e+03
4.548000000000000000e+03
4.552000000000000000e+03
4.558000000000000000e+03
4.560000000000000000e+03
4.598000000000000000e+03
4.613000000000000000e+03
4.629000000000000000e+03
4.648000000000000000e+03
4.650000000000000000e+03
4.673000000000000000e+03
4.676000000000000000e+03
4.683000000000000000e+03
4.692000000000000000e+03
4.700000000000000000e+03
4.703000000000000000e+03
4.705000000000000000e+03
4.715000000000000000e+03
4.745000000000000000e+03
4.749000000000000000e+03
4.750000000000000000e+03
4.751000000000000000e+03
4.753000000000000000e+03
4.758000000000000000e+03
4.767000000000000000e+03
4.775000000000000000e+03
4.779000000000000000e+03
4.794000000000000000e+03
4.800000000000000000e+03
4.808000000000000000e+03
4.815000000000000000e+03
4.830000000000000000e+03
4.847000000000000000e+03
4.861000000000000000e+03
4.863000000000000000e+03
4.868000000000000000e+03
4.875000000000000000e+03
4.877000000000000000e+03
4.883000000000000000e+03
4.887000000000000000e+03
4.889000000000000000e+03
4.898000000000000000e+03
4.900000000000000000e+03
4.901000000000000000e+03
4.906000000000000000e+03
4.908000000000000000e+03
4.912000000000000000e+03
4.919000000000000000e+03
4.922000000000000000e+03
4.949000000000000000e+03
4.954000000000000000e+03
4.965000000000000000e+03
4.976000000000000000e+03
4.989000000000000000e+03
4.990000000000000000e+03
4.991000000000000000e+03
5.012000000000000000e+03
5.023000000000000000e+03
5.030000000000000000e+03
5.040000000000000000e+03
5.048000000000000000e+03
5.050000000000000000e+03
5.052000000000000000e+03
5.068000000000000000e+03
5.084000000000000000e+03
5.093000000000000000e+03
5.095000000000000000e+03
5.100000000000000000e+03
5.107000000000000000e+03
5.108000000000000000e+03
5.137000000000000000e+03
5.138000000000000000e+03
5.144000000000000000e+03
5.146000000000000000e+03
5.157000000000000000e+03
5.180000000000000000e+03
5.186000000000000000e+03
5.206000000000000000e+03
5.222000000000000000e+03
5.251000000000000000e+03
5.255000000000000000e+03
5.263000000000000000e+03
5.269000000000000000e+03
5.277000000000000000e+03
5.283000000000000000e+03
5.284000000000000000e+03
5.301000000000000000e+03
5.302000000000000000e+03
5.305000000000000000e+03
5.310000000000000000e+03
5.316000000000000000e+03
5.324000000000000000e+03
5.325000000000000000e+03
5.326000000000000000e+03
5.327000000000000000e+03
5.334000000000000000e+03
5.337000000000000000e+03
5.352000000000000000e+03
5.353000000000000000e+03
5.377000000000000000e+03
5.381000000000000000e+03
5.415000000000000000e+03
5.442000000000000000e+03
5.457000000000000000e+03
5.462000000000000000e+03
5.472000000000000000e+03
5.492000000000000000e+03
5.496000000000000000e+03
5.498000000000000000e+03
5.505000000000000000e+03
5.507000000000000000e+03
5.510000000000000000e+03
5.514000000000000000e+03
5.515000000000000000e+03
5.517000000000000000e+03
5.518000000000000000e+03
5.521000000000000000e+03
5.531000000000000000e+03
5.535000000000000000e+03
5.538000000000000000e+03
5.542000000000000000e+03
5.558000000000000000e+03
5.564000000000000000e+03
5.582000000000000000e+03
5.609000000000000000e+03
5.612000000000000000e+03
5.626000000000000000e+03
5.632000000000000000e+03
5.658000000000000000e+03
5.718000000000000000e+03
5.724000000000000000e+03
5.727000000000000000e+03
5.730000000000000000e+03
5.741000000000000000e+03
5.744000000000000000e+03
5.749000000000000000e+03
5.750000000000000000e+03
5.751000000000000000e+03
5.772000000000000000e+03
5.780000000000000000e+03
5.782000000000000000e+03
5.783000000000000000e+03
5.790000000000000000e+03
5.793000000000000000e+03
5.794000000000000000e+03
5.796000000000000000e+03
5.799000000000000000e+03
5.806000000000000000e+03
5.808000000000000000e+03
5.816000000000000000e+03
5.817000000000000000e+03
5.823000000000000000e+03
5.826000000000000000e+03
5.827000000000000000e+03
5.828000000000000000e+03
5.835000000000000000e+03
5.840000000000000000e+03
5.841000000000000000e+03
5.846000000000000000e+03
5.849000000000000000e+03
5.852000000000000000e+03
5.859000000000000000e+03
5.862000000000000000e+03
5.865000000000000000e+03
5.868000000000000000e+03
5.877000000000000000e+03
5.881000000000000000e+03
5.882000000000000000e+03
5.883000000000000000e+03
5.886000000000000000e+03
5.917000000000000000e+03
5.974000000000000000e+03
5.990000000000000000e+03
5.995000000000000000e+03
6.002000000000000000e+03
6.012000000000000000e+03
6.020000000000000000e+03
6.022000000000000000e+03
6.026000000000000000e+03
6.027000000000000000e+03
6.033000000000000000e+03
6.039000000000000000e+03
6.054000000000000000e+03
6.059000000000000000e+03
6.061000000000000000e+03
6.062000000000000000e+03
6.067000000000000000e+03
6.078000000000000000e+03
6.082000000000000000e+03
6.086000000000000000e+03
6.088000000000000000e+03
6.090000000000000000e+03
6.096000000000000000e+03
6.126000000000000000e+03
6.153000000000000000e+03
6.154000000000000000e+03
6.185000000000000000e+03
6.199000000000000000e+03
6.204000000000000000e+03
6.231000000000000000e+03
6.254000000000000000e+03
6.274000000000000000e+03
6.277000000000000000e+03
6.306000000000000000e+03
6.314000000000000000e+03
6.320000000000000000e+03
6.328000000000000000e+03
6.330000000000000000e+03
6.346000000000000000e+03
6.358000000000000000e+03
6.384000000000000000e+03
6.385000000000000000e+03
6.422000000000000000e+03
6.429000000000000000e+03
6.433000000000000000e+03
6.443000000000000000e+03
6.444000000000000000e+03
6.445000000000000000e+03
6.449000000000000000e+03
6.459000000000000000e+03
6.460000000000000000e+03
6.476000000000000000e+03
6.486000000000000000e+03
6.491000000000000000e+03
6.495000000000000000e+03
6.496000000000000000e+03
6.497000000000000000e+03
6.498000000000000000e+03
6.499000000000000000e+03
6.507000000000000000e+03
6.512000000000000000e+03
6.515000000000000000e+03
6.522000000000000000e+03
6.523000000000000000e+03
6.535000000000000000e+03
6.544000000000000000e+03
6.549000000000000000e+03
6.554000000000000000e+03
6.570000000000000000e+03
6.585000000000000000e+03
6.640000000000000000e+03
6.652000000000000000e+03
6.654000000000000000e+03
6.673000000000000000e+03
6.678000000000000000e+03
6.681000000000000000e+03
6.687000000000000000e+03
6.692000000000000000e+03
6.706000000000000000e+03
6.708000000000000000e+03
6.711000000000000000e+03
6.714000000000000000e+03
6.717000000000000000e+03
6.724000000000000000e+03
6.726000000000000000e+03
6.737000000000000000e+03
6.744000000000000000e+03
6.748000000000000000e+03
6.761000000000000000e+03
6.764000000000000000e+03
6.773000000000000000e+03
6.779000000000000000e+03
6.810000000000000000e+03
6.840000000000000000e+03
6.872000000000000000e+03
6.895000000000000000e+03
6.897000000000000000e+03
6.902000000000000000e+03
6.907000000000000000e+03
6.909000000000000000e+03
6.916000000000000000e+03
6.919000000000000000e+03
6.920000000000000000e+03
6.947000000000000000e+03
6.949000000000000000e+03
6.956000000000000000e+03
6.965000000000000000e+03
6.986000000000000000e+03
7.008000000000000000e+03
7.011000000000000000e+03
7.017000000000000000e+03
7.019000000000000000e+03
7.091000000000000000e+03
7.114000000000000000e+03
7.157000000000000000e+03
7.184000000000000000e+03
7.193000000000000000e+03
7.206000000000000000e+03
7.207000000000000000e+03
7.227000000000000000e+03
7.233000000000000000e+03
7.261000000000000000e+03
7.262000000000000000e+03
7.265000000000000000e+03
7.270000000000000000e+03
7.271000000000000000e+03
7.278000000000000000e+03
7.281000000000000000e+03
7.284000000000000000e+03
7.297000000000000000e+03
7.299000000000000000e+03
7.328000000000000000e+03
7.347000000000000000e+03
7.360000000000000000e+03
7.365000000000000000e+03
7.366000000000000000e+03
7.368000000000000000e+03
7.372000000000000000e+03
7.376000000000000000e+03
7.388000000000000000e+03
7.398000000000000000e+03
7.425000000000000000e+03
7.440000000000000000e+03
7.447000000000000000e+03
7.462000000000000000e+03
7.464000000000000000e+03
7.468000000000000000e+03
7.474000000000000000e+03
7.514000000000000000e+03
7.535000000000000000e+03
7.549000000000000000e+03
7.569000000000000000e+03
7.586000000000000000e+03
7.630000000000000000e+03
7.634000000000000000e+03
7.637000000000000000e+03
7.639000000000000000e+03
7.642000000000000000e+03
7.644000000000000000e+03
7.654000000000000000e+03
7.660000000000000000e+03
7.664000000000000000e+03
7.665000000000000000e+03
7.667000000000000000e+03
7.690000000000000000e+03
7.698000000000000000e+03
7.707000000000000000e+03
7.719000000000000000e+03
7.723000000000000000e+03
7.725000000000000000e+03
7.731000000000000000e+03
7.740000000000000000e+03
7.794000000000000000e+03
7.833000000000000000e+03
7.843000000000000000e+03
7.869000000000000000e+03
7.970000000000000000e+03
7.973000000000000000e+03
8.000000000000000000e+03
8.005000000000000000e+03
8.009000000000000000e+03
8.016000000000000000e+03
8.017000000000000000e+03
8.025000000000000000e+03
8.063000000000000000e+03
8.091000000000000000e+03
8.102000000000000000e+03
8.106000000000000000e+03
8.109000000000000000e+03
8.156000000000000000e+03
8.181000000000000000e+03
8.189000000000000000e+03
8.199000000000000000e+03
8.203000000000000000e+03
8.219000000000000000e+03
8.228000000000000000e+03
8.260000000000000000e+03
8.261000000000000000e+03
8.277000000000000000e+03
8.284000000000000000e+03
8.294000000000000000e+03
8.301000000000000000e+03
8.306000000000000000e+03
8.307000000000000000e+03
8.313000000000000000e+03
8.321000000000000000e+03
8.324000000000000000e+03
8.333000000000000000e+03
8.338000000000000000e+03
8.351000000000000000e+03
8.355000000000000000e+03
8.362000000000000000e+03
8.364000000000000000e+03
8.367000000000000000e+03
8.372000000000000000e+03
8.379000000000000000e+03
8.384000000000000000e+03
8.387000000000000000e+03
8.402000000000000000e+03
8.403000000000000000e+03
8.410000000000000000e+03
8.419000000000000000e+03
8.427000000000000000e+03
8.434000000000000000e+03
8.435000000000000000e+03
8.471000000000000000e+03
8.472000000000000000e+03
8.479000000000000000e+03
8.481000000000000000e+03
8.484000000000000000e+03
8.488000000000000000e+03
8.498000000000000000e+03
8.503000000000000000e+03
8.505000000000000000e+03
8.522000000000000000e+03
8.564000000000000000e+03
8.565000000000000000e+03
8.571000000000000000e+03
8.574000000000000000e+03
8.620000000000000000e+03
8.658000000000000000e+03
8.662000000000000000e+03
8.670000000000000000e+03
8.674000000000000000e+03
8.677000000000000000e+03
8.687000000000000000e+03
8.691000000000000000e+03
8.695000000000000000e+03
8.714000000000000000e+03
8.717000000000000000e+03
8.719000000000000000e+03
8.720000000000000000e+03
8.722000000000000000e+03
8.730000000000000000e+03
8.745000000000000000e+03
8.746000000000000000e+03
8.760000000000000000e+03
8.795000000000000000e+03
8.822000000000000000e+03
8.831000000000000000e+03
8.861000000000000000e+03
8.863000000000000000e+03
8.865000000000000000e+03
8.875000000000000000e+03
8.877000000000000000e+03
8.976000000000000000e+03
9.036000000000000000e+03
9.045000000000000000e+03
9.049000000000000000e+03
9.061000000000000000e+03
9.066000000000000000e+03
9.073000000000000000e+03
9.083000000000000000e+03
9.084000000000000000e+03
9.086000000000000000e+03
9.095000000000000000e+03
9.144000000000000000e+03
9.190000000000000000e+03
9.234000000000000000e+03
9.265000000000000000e+03
9.266000000000000000e+03
9.294000000000000000e+03
9.296000000000000000e+03
9.304000000000000000e+03
9.344000000000000000e+03
9.359000000000000000e+03
9.365000000000000000e+03
9.373000000000000000e+03
9.378000000000000000e+03
9.379000000000000000e+03
9.411000000000000000e+03
9.420000000000000000e+03
9.423000000000000000e+03
9.424000000000000000e+03
9.425000000000000000e+03
9.457000000000000000e+03
9.469000000000000000e+03
9.471000000000000000e+03
9.477000000000000000e+03
9.481000000000000000e+03
9.484000000000000000e+03
9.489000000000000000e+03
9.491000000000000000e+03
9.495000000000000000e+03
9.503000000000000000e+03
9.510000000000000000e+03
9.516000000000000000e+03
9.520000000000000000e+03
9.521000000000000000e+03
9.524000000000000000e+03
9.527000000000000000e+03
9.540000000000000000e+03
9.544000000000000000e+03
9.557000000000000000e+03
9.561000000000000000e+03
9.574000000000000000e+03
9.592000000000000000e+03
9.595000000000000000e+03
9.607000000000000000e+03
9.608000000000000000e+03
9.609000000000000000e+03
9.612000000000000000e+03
9.617000000000000000e+03
9.622000000000000000e+03
9.625000000000000000e+03
9.630000000000000000e+03
9.631000000000000000e+03
9.638000000000000000e+03
9.646000000000000000e+03
9.657000000000000000e+03
9.659000000000000000e+03
9.663000000000000000e+03
9.664000000000000000e+03
9.669000000000000000e+03
9.672000000000000000e+03
9.677000000000000000e+03
9.678000000000000000e+03
9.681000000000000000e+03
9.684000000000000000e+03
9.694000000000000000e+03
9.696000000000000000e+03
9.700000000000000000e+03
9.711000000000000000e+03
9.719000000000000000e+03
9.720000000000000000e+03
9.723000000000000000e+03
9.731000000000000000e+03
9.745000000000000000e+03
9.746000000000000000e+03
9.754000000000000000e+03
9.771000000000000000e+03
9.791000000000000000e+03
9.793000000000000000e+03
9.811000000000000000e+03
9.829000000000000000e+03
9.833000000000000000e+03
9.862000000000000000e+03
9.881000000000000000e+03
9.888000000000000000e+03
9.891000000000000000e+03
9.897000000000000000e+03
9.909000000000000000e+03
9.913000000000000000e+03
9.919000000000000000e+03
9.932000000000000000e+03
9.965000000000000000e+03
9.969000000000000000e+03
9.970000000000000000e+03
9.977000000000000000e+03
9.978000000000000000e+03
9.998000000000000000e+03
1.001100000000000000e+04
1.002800000000000000e+04
1.003900000000000000e+04
1.004100000000000000e+04
1.005800000000000000e+04
1.006400000000000000e+04
1.006600000000000000e+04
1.008400000000000000e+04
1.011200000000000000e+04
1.011900000000000000e+04
1.014100000000000000e+04
1.014800000000000000e+04
1.015100000000000000e+04
1.015200000000000000e+04
1.015900000000000000e+04
1.016600000000000000e+04
1.017200000000000000e+04
1.020700000000000000e+04
1.020800000000000000e+04
1.022500000000000000e+04
1.022700000000000000e+04
1.024800000000000000e+04
1.026100000000000000e+04
1.026400000000000000e+04
1.026700000000000000e+04
1.027700000000000000e+04
1.029300000000000000e+04
1.029800000000000000e+04
1.030000000000000000e+04
1.030100000000000000e+04
1.031400000000000000e+04
1.031700000000000000e+04
1.033400000000000000e+04
1.033500000000000000e+04
1.036900000000000000e+04
1.038600000000000000e+04
1.039500000000000000e+04
1.039600000000000000e+04
1.040100000000000000e+04
1.043400000000000000e+04
1.043600000000000000e+04
1.044700000000000000e+04
1.045700000000000000e+04
1.047200000000000000e+04
1.048400000000000000e+04
1.049300000000000000e+04
1.049900000000000000e+04
1.050400000000000000e+04
1.053000000000000000e+04
1.053500000000000000e+04
1.054100000000000000e+04
1.056500000000000000e+04
1.058500000000000000e+04
1.060200000000000000e+04
1.060700000000000000e+04
1.061000000000000000e+04
1.062300000000000000e+04
1.062600000000000000e+04
1.062800000000000000e+04
1.063800000000000000e+04
1.064000000000000000e+04
1.065400000000000000e+04
1.065500000000000000e+04
1.067300000000000000e+04
1.067400000000000000e+04
1.067700000000000000e+04
1.067900000000000000e+04
1.068600000000000000e+04
1.069200000000000000e+04
1.071500000000000000e+04
1.072200000000000000e+04
1.072600000000000000e+04
1.072800000000000000e+04
1.074100000000000000e+04
1.074800000000000000e+04
1.077500000000000000e+04
1.079800000000000000e+04
1.079900000000000000e+04
1.082400000000000000e+04
1.082600000000000000e+04
1.083000000000000000e+04
1.083700000000000000e+04
1.084700000000000000e+04
1.085100000000000000e+04
1.087900000000000000e+04
1.088800000000000000e+04
1.089000000000000000e+04
1.089400000000000000e+04
1.090000000000000000e+04
1.090200000000000000e+04
1.091500000000000000e+04
1.091800000000000000e+04
1.094900000000000000e+04
1.095100000000000000e+04
1.096100000000000000e+04
1.096500000000000000e+04
1.097800000000000000e+04
1.098400000000000000e+04
1.100200000000000000e+04
1.101800000000000000e+04
1.102700000000000000e+04
1.103000000000000000e+04
1.103300000000000000e+04
1.104300000000000000e+04
1.104900000000000000e+04
1.105300000000000000e+04
1.105400000000000000e+04
1.105600000000000000e+04
1.106200000000000000e+04
1.107000000000000000e+04
1.109100000000000000e+04
1.109300000000000000e+04
1.111300000000000000e+04
1.112000000000000000e+04
1.112300000000000000e+04
1.112400000000000000e+04
1.113200000000000000e+04
1.116300000000000000e+04
1.119900000000000000e+04
1.128200000000000000e+04
1.129900000000000000e+04
1.134900000000000000e+04
1.135600000000000000e+04
1.136300000000000000e+04
1.136400000000000000e+04
1.137300000000000000e+04
1.138600000000000000e+04
1.140900000000000000e+04
1.142400000000000000e+04
1.144100000000000000e+04
1.144600000000000000e+04
1.146700000000000000e+04
1.149300000000000000e+04
1.149500000000000000e+04
1.151000000000000000e+04
1.151200000000000000e+04
1.152000000000000000e+04
1.152200000000000000e+04
1.152300000000000000e+04
1.152600000000000000e+04
1.154000000000000000e+04
1.154200000000000000e+04
1.154300000000000000e+04
1.157200000000000000e+04
1.157900000000000000e+04
1.158200000000000000e+04
1.159300000000000000e+04
1.159500000000000000e+04
1.160500000000000000e+04
1.162300000000000000e+04
1.162500000000000000e+04
1.162700000000000000e+04
1.163500000000000000e+04
1.164500000000000000e+04
1.164800000000000000e+04
1.165500000000000000e+04
1.167900000000000000e+04
1.168700000000000000e+04
1.169200000000000000e+04
1.171700000000000000e+04
1.172100000000000000e+04
1.172300000000000000e+04
1.173800000000000000e+04
1.174800000000000000e+04
1.177700000000000000e+04
1.179200000000000000e+04
1.179900000000000000e+04
1.181200000000000000e+04
1.181900000000000000e+04
1.187900000000000000e+04
1.188500000000000000e+04
1.188600000000000000e+04
1.192000000000000000e+04
1.195000000000000000e+04
1.197400000000000000e+04
1.198100000000000000e+04
1.199100000000000000e+04
1.200300000000000000e+04
1.203400000000000000e+04
1.205100000000000000e+04
1.205200000000000000e+04
1.207700000000000000e+04
1.209700000000000000e+04
1.210700000000000000e+04
1.211000000000000000e+04
1.211700000000000000e+04
1.213700000000000000e+04
1.213900000000000000e+04
1.214000000000000000e+04
1.214300000000000000e+04
1.214700000000000000e+04
1.215400000000000000e+04
1.217900000000000000e+04
1.218300000000000000e+04
1.218500000000000000e+04
1.221000000000000000e+04
1.221900000000000000e+04
1.223900000000000000e+04
1.224200000000000000e+04
1.227100000000000000e+04
1.234000000000000000e+04
1.237100000000000000e+04
1.251600000000000000e+04
1.254500000000000000e+04
1.257600000000000000e+04
1.257700000000000000e+04
1.258200000000000000e+04
1.258600000000000000e+04
1.260900000000000000e+04
1.261800000000000000e+04
1.262300000000000000e+04
1.264500000000000000e+04
1.266000000000000000e+04
1.266200000000000000e+04
1.266600000000000000e+04
1.266900000000000000e+04
1.267000000000000000e+04
1.269100000000000000e+04
1.269200000000000000e+04
1.270300000000000000e+04
1.271900000000000000e+04
1.272200000000000000e+04
1.272400000000000000e+04
1.272600000000000000e+04
1.273200000000000000e+04
1.273600000000000000e+04
1.273800000000000000e+04
1.273900000000000000e+04
1.274200000000000000e+04
1.274400000000000000e+04
1.275000000000000000e+04
1.275400000000000000e+04
1.276100000000000000e+04
1.276800000000000000e+04
1.277400000000000000e+04
1.277700000000000000e+04
1.277800000000000000e+04
1.278600000000000000e+04
1.279200000000000000e+04
1.279300000000000000e+04
1.279800000000000000e+04
1.280100000000000000e+04
1.280200000000000000e+04
1.281000000000000000e+04
1.281700000000000000e+04
1.282300000000000000e+04
1.282500000000000000e+04
1.282800000000000000e+04
1.283800000000000000e+04
1.284400000000000000e+04
1.284700000000000000e+04
1.285200000000000000e+04
1.285600000000000000e+04
1.285800000000000000e+04
1.285900000000000000e+04
1.286300000000000000e+04
1.288900000000000000e+04
1.291500000000000000e+04
1.299300000000000000e+04
1.299600000000000000e+04
1.304200000000000000e+04
1.305600000000000000e+04
1.305700000000000000e+04
1.306900000000000000e+04
1.307900000000000000e+04
1.308000000000000000e+04
1.308800000000000000e+04
1.309600000000000000e+04
1.313700000000000000e+04
1.314000000000000000e+04
1.314500000000000000e+04
1.314600000000000000e+04
1.316200000000000000e+04
1.320700000000000000e+04
1.324600000000000000e+04
1.325300000000000000e+04
1.325800000000000000e+04
1.325900000000000000e+04
1.328700000000000000e+04
1.329000000000000000e+04
1.330000000000000000e+04
1.330600000000000000e+04
1.331000000000000000e+04
1.331100000000000000e+04
1.333500000000000000e+04
1.334000000000000000e+04
1.336800000000000000e+04
1.338400000000000000e+04
1.340400000000000000e+04
1.342300000000000000e+04
1.346100000000000000e+04
1.347400000000000000e+04
1.353600000000000000e+04
1.353700000000000000e+04
1.354100000000000000e+04
1.354600000000000000e+04
1.354800000000000000e+04
1.355800000000000000e+04
1.358900000000000000e+04
1.361700000000000000e+04
1.362500000000000000e+04
1.362700000000000000e+04
1.362900000000000000e+04
1.363500000000000000e+04
1.364600000000000000e+04
1.369700000000000000e+04
1.370400000000000000e+04
1.371200000000000000e+04
1.371300000000000000e+04
1.371400000000000000e+04
1.371700000000000000e+04
1.372700000000000000e+04
1.372900000000000000e+04
1.373000000000000000e+04
1.373900000000000000e+04
1.374000000000000000e+04
1.374700000000000000e+04
1.374900000000000000e+04
1.376100000000000000e+04
1.377500000000000000e+04
1.377700000000000000e+04
1.379100000000000000e+04
1.380700000000000000e+04
1.381300000000000000e+04
1.383800000000000000e+04
1.384500000000000000e+04
1.384600000000000000e+04
1.386200000000000000e+04
1.386500000000000000e+04
1.386900000000000000e+04
1.387700000000000000e+04
1.387800000000000000e+04
1.387900000000000000e+04
1.388200000000000000e+04
1.389100000000000000e+04
1.389500000000000000e+04
1.389600000000000000e+04
1.389900000000000000e+04
1.392500000000000000e+04
1.392700000000000000e+04
1.393300000000000000e+04
1.394000000000000000e+04
1.394200000000000000e+04
1.395100000000000000e+04
1.395300000000000000e+04
1.396000000000000000e+04
1.396600000000000000e+04
1.397500000000000000e+04
1.399200000000000000e+04
1.399300000000000000e+04
1.399900000000000000e+04
1.400900000000000000e+04
1.402100000000000000e+04
1.404300000000000000e+04
1.406100000000000000e+04
1.406500000000000000e+04
1.410000000000000000e+04
1.412000000000000000e+04
1.412200000000000000e+04
1.412600000000000000e+04
1.414100000000000000e+04
1.414400000000000000e+04
1.415200000000000000e+04
1.417800000000000000e+04
1.419400000000000000e+04
1.419500000000000000e+04
1.420000000000000000e+04
1.420400000000000000e+04
1.421100000000000000e+04
1.421700000000000000e+04
1.423400000000000000e+04
1.423500000000000000e+04
1.424100000000000000e+04
1.424500000000000000e+04
1.424600000000000000e+04
1.424900000000000000e+04
1.425400000000000000e+04
1.425600000000000000e+04
1.425900000000000000e+04
1.427700000000000000e+04
1.428200000000000000e+04
1.429500000000000000e+04
1.429900000000000000e+04
1.430300000000000000e+04
1.430400000000000000e+04
1.431400000000000000e+04
1.432300000000000000e+04
1.432800000000000000e+04
1.432900000000000000e+04
1.433100000000000000e+04
1.433400000000000000e+04
1.433800000000000000e+04
1.435500000000000000e+04
1.435800000000000000e+04
1.436600000000000000e+04
1.438000000000000000e+04
1.438200000000000000e+04
1.438500000000000000e+04
1.441600000000000000e+04
1.442100000000000000e+04
1.442900000000000000e+04
1.445900000000000000e+04
1.450800000000000000e+04
1.451400000000000000e+04
1.454700000000000000e+04
1.458400000000000000e+04
1.459800000000000000e+04
1.468600000000000000e+04
1.469700000000000000e+04
1.471600000000000000e+04
1.471800000000000000e+04
1.472200000000000000e+04
1.475500000000000000e+04
1.477900000000000000e+04
1.479600000000000000e+04
1.480600000000000000e+04
1.481400000000000000e+04
1.481600000000000000e+04
1.482000000000000000e+04
1.483000000000000000e+04
1.484500000000000000e+04
1.485800000000000000e+04
1.486600000000000000e+04
1.487900000000000000e+04
1.488200000000000000e+04
1.488400000000000000e+04
1.489000000000000000e+04
1.489400000000000000e+04
1.489900000000000000e+04
1.490900000000000000e+04
1.492700000000000000e+04
1.492800000000000000e+04
1.493100000000000000e+04
1.493300000000000000e+04
1.493500000000000000e+04
1.494100000000000000e+04
1.494600000000000000e+04
1.494900000000000000e+04
1.495200000000000000e+04
1.496800000000000000e+04
1.497900000000000000e+04
1.498100000000000000e+04
1.498600000000000000e+04
1.499200000000000000e+04
1.500500000000000000e+04
1.500800000000000000e+04
1.501700000000000000e+04
1.502700000000000000e+04
1.503000000000000000e+04
1.503800000000000000e+04
1.504000000000000000e+04
1.504300000000000000e+04
1.504400000000000000e+04
1.504500000000000000e+04
1.504700000000000000e+04
1.512700000000000000e+04
1.513100000000000000e+04
1.514500000000000000e+04
1.516100000000000000e+04
1.516400000000000000e+04
1.517300000000000000e+04
1.517600000000000000e+04
1.519300000000000000e+04
1.519700000000000000e+04
1.520000000000000000e+04
1.523100000000000000e+04
1.523700000000000000e+04
1.524200000000000000e+04
1.524900000000000000e+04
1.525200000000000000e+04
1.526400000000000000e+04
1.527900000000000000e+04
1.528300000000000000e+04
1.529200000000000000e+04
1.529600000000000000e+04
1.531800000000000000e+04
1.532500000000000000e+04
1.534100000000000000e+04
1.534900000000000000e+04
1.537200000000000000e+04
1.537400000000000000e+04
1.537700000000000000e+04
1.537800000000000000e+04
1.539200000000000000e+04
1.540200000000000000e+04
1.541600000000000000e+04
1.541800000000000000e+04
1.542700000000000000e+04
1.544300000000000000e+04
1.545700000000000000e+04
1.546200000000000000e+04
1.546300000000000000e+04
1.548900000000000000e+04
1.549500000000000000e+04
1.550400000000000000e+04
1.550700000000000000e+04
1.550800000000000000e+04
1.554200000000000000e+04
1.554600000000000000e+04
1.556300000000000000e+04
1.558800000000000000e+04
1.559600000000000000e+04
1.559800000000000000e+04
1.559900000000000000e+04
1.560000000000000000e+04
1.560300000000000000e+04
1.560700000000000000e+04
1.561000000000000000e+04
1.562700000000000000e+04
1.563100000000000000e+04
1.563600000000000000e+04
1.564700000000000000e+04
1.565200000000000000e+04
1.565500000000000000e+04
1.566100000000000000e+04
1.566200000000000000e+04
1.566500000000000000e+04
1.567000000000000000e+04
1.567200000000000000e+04
1.567600000000000000e+04
1.568200000000000000e+04
1.568500000000000000e+04
1.568600000000000000e+04
1.569000000000000000e+04
1.569200000000000000e+04
1.569600000000000000e+04
1.569800000000000000e+04
1.569900000000000000e+04
1.570000000000000000e+04
1.570500000000000000e+04
1.571500000000000000e+04
1.572200000000000000e+04
1.572400000000000000e+04
1.572800000000000000e+04
1.573100000000000000e+04
1.573800000000000000e+04
1.574200000000000000e+04
1.574300000000000000e+04
1.575300000000000000e+04
1.577200000000000000e+04
1.577400000000000000e+04
1.582900000000000000e+04
1.583900000000000000e+04
1.584300000000000000e+04
1.585800000000000000e+04
1.586100000000000000e+04
1.586200000000000000e+04
1.586500000000000000e+04
1.589000000000000000e+04
1.589100000000000000e+04
1.589900000000000000e+04
1.590700000000000000e+04
1.591700000000000000e+04
1.594800000000000000e+04
1.596100000000000000e+04
1.598400000000000000e+04
1.598700000000000000e+04
1.601800000000000000e+04
1.608000000000000000e+04
1.608400000000000000e+04
1.610000000000000000e+04
1.611400000000000000e+04
1.613800000000000000e+04
1.614400000000000000e+04
1.616100000000000000e+04
1.616500000000000000e+04
1.619500000000000000e+04
1.619700000000000000e+04
1.620000000000000000e+04
1.621300000000000000e+04
1.622700000000000000e+04
1.623900000000000000e+04
1.624200000000000000e+04
1.624800000000000000e+04
1.626900000000000000e+04
1.627100000000000000e+04
1.628500000000000000e+04
1.629400000000000000e+04
1.629700000000000000e+04
1.630100000000000000e+04
1.631100000000000000e+04
1.631800000000000000e+04
1.632000000000000000e+04
1.632300000000000000e+04
1.632400000000000000e+04
1.632900000000000000e+04
1.633100000000000000e+04
1.634900000000000000e+04
1.637700000000000000e+04
1.638200000000000000e+04
1.638700000000000000e+04
1.639500000000000000e+04
1.640000000000000000e+04
1.640100000000000000e+04
1.640200000000000000e+04
1.642100000000000000e+04
1.642200000000000000e+04
1.643800000000000000e+04
1.646000000000000000e+04
1.646200000000000000e+04
1.646900000000000000e+04
1.647200000000000000e+04
1.648100000000000000e+04
1.649300000000000000e+04
1.649500000000000000e+04
1.651900000000000000e+04
1.652400000000000000e+04
1.652500000000000000e+04
1.654200000000000000e+04
1.654300000000000000e+04
1.654400000000000000e+04
1.655400000000000000e+04
1.655900000000000000e+04
1.656900000000000000e+04
1.657100000000000000e+04
1.657900000000000000e+04
1.658700000000000000e+04
1.659400000000000000e+04
1.659500000000000000e+04
1.661100000000000000e+04
1.661200000000000000e+04
1.663700000000000000e+04
1.663800000000000000e+04
1.665700000000000000e+04
1.665900000000000000e+04
1.666500000000000000e+04
1.666600000000000000e+04
1.666900000000000000e+04
1.667100000000000000e+04
1.669000000000000000e+04
1.669100000000000000e+04
1.670500000000000000e+04
1.671600000000000000e+04
1.672700000000000000e+04
1.674300000000000000e+04
1.676100000000000000e+04
1.676700000000000000e+04
1.678200000000000000e+04
1.681300000000000000e+04
1.681400000000000000e+04
1.681600000000000000e+04
1.681900000000000000e+04
1.682000000000000000e+04
1.683600000000000000e+04
1.684300000000000000e+04
1.685300000000000000e+04
1.687400000000000000e+04
1.688000000000000000e+04
1.688900000000000000e+04
1.690200000000000000e+04
1.690300000000000000e+04
1.691900000000000000e+04
1.692900000000000000e+04
1.695500000000000000e+04
1.698300000000000000e+04
1.701000000000000000e+04
1.701300000000000000e+04
1.702400000000000000e+04
1.702700000000000000e+04
1.703300000000000000e+04
1.703600000000000000e+04
1.704400000000000000e+04
1.704800000000000000e+04
1.705600000000000000e+04
1.705800000000000000e+04
1.705900000000000000e+04
1.706100000000000000e+04
1.707900000000000000e+04
1.709100000000000000e+04
1.709300000000000000e+04
1.709400000000000000e+04
1.710700000000000000e+04
1.710900000000000000e+04
1.711500000000000000e+04
1.712300000000000000e+04
1.713100000000000000e+04
1.713400000000000000e+04
1.714500000000000000e+04
1.716000000000000000e+04
1.716600000000000000e+04
1.717600000000000000e+04
1.717900000000000000e+04
1.718000000000000000e+04
1.718700000000000000e+04
1.720000000000000000e+04
1.720200000000000000e+04
1.722400000000000000e+04
1.722500000000000000e+04
1.726900000000000000e+04
1.727100000000000000e+04
1.727200000000000000e+04
1.727800000000000000e+04
1.729900000000000000e+04
1.730000000000000000e+04
1.730500000000000000e+04
1.731000000000000000e+04
1.731700000000000000e+04
1.733100000000000000e+04
1.738800000000000000e+04
1.739800000000000000e+04
1.740800000000000000e+04
1.743200000000000000e+04
1.743500000000000000e+04
1.745000000000000000e+04
1.745800000000000000e+04
1.747400000000000000e+04
1.747800000000000000e+04
1.748400000000000000e+04
1.748800000000000000e+04
1.749600000000000000e+04
1.754400000000000000e+04
1.754700000000000000e+04
1.759400000000000000e+04
1.762700000000000000e+04
1.764100000000000000e+04
1.765400000000000000e+04
1.767300000000000000e+04
1.767600000000000000e+04
1.768000000000000000e+04
1.768700000000000000e+04
1.769900000000000000e+04
1.770300000000000000e+04
1.770500000000000000e+04
1.772000000000000000e+04
1.773700000000000000e+04
1.777300000000000000e+04
1.778800000000000000e+04
1.779300000000000000e+04
1.786100000000000000e+04
1.788200000000000000e+04
1.796500000000000000e+04
1.796700000000000000e+04
1.797900000000000000e+04
1.800300000000000000e+04
1.800400000000000000e+04
1.800500000000000000e+04
1.800800000000000000e+04
1.800900000000000000e+04
1.801200000000000000e+04
1.801600000000000000e+04
1.802600000000000000e+04
1.802900000000000000e+04
1.804100000000000000e+04
1.805500000000000000e+04
1.805600000000000000e+04
1.805800000000000000e+04
1.806300000000000000e+04
1.807600000000000000e+04
1.807900000000000000e+04
1.808500000000000000e+04
1.808700000000000000e+04
1.809200000000000000e+04
1.809300000000000000e+04
1.809400000000000000e+04
1.809600000000000000e+04
1.810500000000000000e+04
1.810700000000000000e+04
1.811200000000000000e+04
1.811600000000000000e+04
1.812000000000000000e+04
1.812100000000000000e+04
1.812200000000000000e+04
1.813100000000000000e+04
1.813500000000000000e+04
1.813600000000000000e+04
1.814000000000000000e+04
1.814300000000000000e+04
1.815100000000000000e+04
1.815200000000000000e+04
1.815700000000000000e+04
1.816100000000000000e+04
1.816200000000000000e+04
1.816900000000000000e+04
1.819900000000000000e+04
1.820400000000000000e+04
1.821000000000000000e+04
1.821600000000000000e+04
1.823800000000000000e+04
1.824900000000000000e+04
1.826900000000000000e+04
1.827100000000000000e+04
1.828200000000000000e+04
1.829000000000000000e+04
1.829500000000000000e+04
1.829700000000000000e+04
1.831200000000000000e+04
1.831600000000000000e+04
1.831900000000000000e+04
1.832200000000000000e+04
1.832300000000000000e+04
1.832500000000000000e+04
1.834400000000000000e+04
1.834600000000000000e+04
1.834900000000000000e+04
1.835200000000000000e+04
1.835400000000000000e+04
1.836400000000000000e+04
1.837200000000000000e+04
1.837700000000000000e+04
1.838000000000000000e+04
1.838100000000000000e+04
1.839300000000000000e+04
1.839600000000000000e+04
1.839800000000000000e+04
1.839900000000000000e+04
1.840400000000000000e+04
1.840700000000000000e+04
1.840900000000000000e+04
1.841000000000000000e+04
1.841700000000000000e+04
1.843600000000000000e+04
1.843900000000000000e+04
1.844700000000000000e+04
1.847600000000000000e+04
1.848400000000000000e+04
1.849600000000000000e+04
1.850300000000000000e+04
1.850900000000000000e+04
1.851800000000000000e+04
1.852600000000000000e+04
1.853200000000000000e+04
1.853500000000000000e+04
1.854900000000000000e+04
1.855100000000000000e+04
1.855400000000000000e+04
1.855500000000000000e+04
1.855800000000000000e+04
1.855900000000000000e+04
1.856200000000000000e+04
1.856500000000000000e+04
1.856700000000000000e+04
1.857000000000000000e+04
1.861300000000000000e+04
1.861500000000000000e+04
1.862500000000000000e+04
1.863200000000000000e+04
1.863300000000000000e+04
1.863800000000000000e+04
1.864400000000000000e+04
1.865400000000000000e+04
1.865700000000000000e+04
1.866100000000000000e+04
1.866500000000000000e+04
1.867600000000000000e+04
1.868000000000000000e+04
1.868100000000000000e+04
1.868400000000000000e+04
1.869900000000000000e+04
1.871400000000000000e+04
1.871800000000000000e+04
1.872200000000000000e+04
1.872800000000000000e+04
1.873100000000000000e+04
1.873800000000000000e+04
1.877400000000000000e+04
1.878000000000000000e+04
1.879900000000000000e+04
1.880100000000000000e+04
1.882200000000000000e+04
1.882500000000000000e+04
1.883000000000000000e+04
1.885800000000000000e+04
1.886600000000000000e+04
1.887400000000000000e+04
1.887700000000000000e+04
1.888400000000000000e+04
1.889000000000000000e+04
1.889700000000000000e+04
1.895100000000000000e+04
1.895200000000000000e+04
1.896200000000000000e+04
1.896700000000000000e+04
1.897500000000000000e+04
1.897600000000000000e+04
1.898900000000000000e+04
1.901800000000000000e+04
1.902900000000000000e+04
1.903600000000000000e+04
1.903700000000000000e+04
1.905900000000000000e+04
1.906300000000000000e+04
1.908100000000000000e+04
1.909700000000000000e+04
1.910000000000000000e+04
1.910100000000000000e+04
1.911000000000000000e+04
1.911100000000000000e+04
1.912600000000000000e+04
1.913800000000000000e+04
1.914800000000000000e+04
1.915100000000000000e+04
1.915700000000000000e+04
1.916400000000000000e+04
1.916700000000000000e+04
1.918200000000000000e+04
1.921500000000000000e+04
1.922100000000000000e+04
1.923800000000000000e+04
1.926400000000000000e+04
1.926800000000000000e+04
1.933700000000000000e+04
1.934500000000000000e+04
1.937700000000000000e+04
1.938300000000000000e+04
1.938600000000000000e+04
1.939200000000000000e+04
1.939700000000000000e+04
1.941400000000000000e+04
1.941600000000000000e+04
1.943500000000000000e+04
1.944500000000000000e+04
1.946000000000000000e+04
1.947300000000000000e+04
1.948600000000000000e+04
1.952400000000000000e+04
1.954200000000000000e+04
1.954800000000000000e+04
1.955000000000000000e+04
1.956000000000000000e+04
1.957600000000000000e+04
1.960800000000000000e+04
1.961400000000000000e+04
1.961900000000000000e+04
1.963100000000000000e+04
1.964100000000000000e+04
1.969600000000000000e+04
1.969800000000000000e+04
1.969900000000000000e+04
1.970800000000000000e+04
1.971800000000000000e+04
1.974500000000000000e+04
1.976700000000000000e+04
1.976800000000000000e+04
1.978400000000000000e+04
1.979400000000000000e+04
1.979600000000000000e+04
1.980200000000000000e+04
1.981900000000000000e+04
1.983700000000000000e+04
1.984800000000000000e+04
1.985500000000000000e+04
1.987500000000000000e+04
1.987800000000000000e+04
